Layer: fc1.weight
tensor([[-0.0309, -0.2800,  0.0941, -0.0922,  0.2256, -0.3456,  0.3352,  0.3025,
          0.1606,  0.2339,  0.3592],
        [ 0.0734, -0.2599, -0.0120, -0.3470,  0.0514, -0.0592,  0.0484,  0.2904,
          0.3189,  0.3836, -0.0862],
        [-0.0771, -0.3165, -0.2901,  0.3844, -0.2266,  0.2116,  0.1779, -0.2734,
         -0.2634,  0.3622,  0.0501],
        [ 0.2917,  0.0318, -0.4046, -0.0508,  0.2073,  0.1388,  0.2605, -0.3016,
         -0.3057, -0.3293, -0.2720],
        [-0.2671, -0.1832, -0.3786, -0.3095, -0.3631,  0.3076, -0.2770, -0.2485,
          0.0999,  0.0550, -0.2266],
        [ 0.1177,  0.1011,  0.0498,  0.1843, -0.1066,  0.0344, -0.0015,  0.1941,
          0.1845, -0.2288,  0.2413],
        [-0.2033,  0.2280, -0.2656, -0.1705, -0.1613, -0.3031,  0.1927, -0.3159,
         -0.0369, -0.3781, -0.3860],
        [ 0.2998,  0.1086,  0.3016,  0.1631, -0.1300, -0.3087,  0.1989, -0.2269,
         -0.1331, -0.1581, -0.2235],
        [-0.1626, -0.2360,  0.2383,  0.1751,  0.1721, -0.1569, -0.0111,  0.1442,
          0.1705,  0.2820, -0.2312],
        [ 0.0776,  0.0145, -0.1310, -0.1940,  0.1917, -0.2135, -0.2179, -0.1092,
         -0.0887,  0.0186,  0.2219],
        [ 0.2155,  0.0267, -0.0849,  0.3256, -0.2141, -0.1819, -0.0965, -0.1959,
          0.2707, -0.1167,  0.1545],
        [ 0.2118,  0.2382,  0.2788,  0.2158, -0.3317, -0.2604, -0.2754,  0.1860,
         -0.1434, -0.2056, -0.3314],
        [ 0.3684, -0.2580, -0.0018, -0.0541,  0.3714, -0.3034,  0.2724,  0.2712,
         -0.2395,  0.1419, -0.1628],
        [ 0.0345, -0.1470,  0.1522,  0.0539, -0.0855,  0.3289,  0.1795, -0.1440,
         -0.3561, -0.0546, -0.3308],
        [ 0.2003, -0.0675,  0.1458,  0.0748,  0.1027,  0.1406, -0.0741, -0.0767,
          0.1393,  0.0617,  0.0480],
        [-0.3584, -0.3487, -0.1141,  0.2815, -0.2474,  0.2287, -0.2570,  0.2064,
         -0.3377,  0.0550, -0.1662]])

Layer: fc1.bias
tensor([ 0.2876,  0.1714,  0.0933,  0.2695,  0.2781,  0.2713,  0.0848,  0.2163,
        -0.1401, -0.1100,  0.1208,  0.3960,  0.3729, -0.0946, -0.2907,  0.1496])

Layer: fc2.weight
tensor([[ 0.1868,  0.3259,  0.0504,  0.0403, -0.0385,  0.1076,  0.3075,  0.3461,
         -0.1056, -0.1096,  0.1050,  0.3324,  0.3305,  0.1547, -0.1238, -0.0522],
        [ 0.0827,  0.1913, -0.0290,  0.2652, -0.0119,  0.2200, -0.0257,  0.3294,
          0.2233, -0.0781,  0.2897,  0.1201,  0.1041,  0.2090,  0.0521,  0.2943],
        [ 0.1752,  0.1240, -0.2726, -0.0185, -0.1888,  0.1762,  0.1551,  0.1409,
         -0.0420, -0.0772, -0.0188, -0.1542,  0.0721,  0.0163, -0.2902,  0.0653],
        [-0.0374,  0.0845,  0.2297, -0.0487,  0.1034, -0.0392,  0.2075,  0.1609,
         -0.0856,  0.0908,  0.1173,  0.1761,  0.0595,  0.3074, -0.0073,  0.3126],
        [ 0.0136,  0.1875,  0.0536,  0.0840,  0.2453, -0.0760,  0.2657, -0.1222,
          0.1971,  0.1014, -0.1038,  0.0840,  0.1802,  0.2976, -0.1619,  0.1613],
        [ 0.0075, -0.1178,  0.0786, -0.1611, -0.1927, -0.0453, -0.1818, -0.1263,
         -0.1010,  0.1008,  0.0289,  0.0799, -0.1412, -0.1905, -0.0804, -0.1749],
        [ 0.2783,  0.0386,  0.2135,  0.1914, -0.1008,  0.1277,  0.1082,  0.2744,
         -0.0662, -0.1011,  0.0795,  0.2215, -0.0991,  0.3238, -0.0887,  0.3210],
        [-0.1681,  0.1864,  0.1277, -0.2849, -0.0376,  0.1965, -0.1921,  0.0197,
         -0.2096,  0.1480, -0.0004, -0.1725, -0.0524, -0.0671, -0.1673,  0.1340]])

Layer: fc2.bias
tensor([-0.0473, -0.0715, -0.0855,  0.1244,  0.2160, -0.1344,  0.0537, -0.1833])

Layer: fc3.weight
tensor([[-0.3059, -0.2986,  0.0053, -0.4173, -0.4357,  0.1998, -0.3723,  0.3102]])

Layer: fc3.bias
tensor([0.1164])

